1.101
1.102
1.201
1.201-02
1.201-03
1.202
1.203
1.301
1.302
1.304
1.308
1.309
1.310
1.312
1.313
1.314-01
1.314A
1.314B
1.315-01
1.315A
1.315B
1.318
1.402
1.404A
1.404B
1.407
1.408
1.409
1.410
1.411
1.412
1.413-01
1.413A
1.413B
1.414-01
1.414A
1.414B
1.415
1.416
1.502
1.503
1.504
1.505
1.506
1.508
1.509
1.510
1.511
1.512
1.513-01
1.513A
1.513B
1.514-01
1.514A
1.514B
1.515
1.517
1.518
1.519
1.520
1.521
1.602
1.605
1.606
1.607
1.608-01
1.608A
1.608B
1.609-01
1.609A
1.609B
1.610
1.611
1.612
1.614
1.615
1.617
1.702
1.703
1.704
1.706
1.707
1.708
1.709
1.710
1.712
1.713
1.714
1.715
2.101
2.103
2.201
2.202
2.203
2.204
2.205
2.207
2.302
2.303
2.304
2.305
2.307-01
2.307A
2.307B
2.310
2.311
2.313A
2.313B
2.314
2.315
2.402
2.403
2.404
2.405-01
2.405A
2.405B
2.406A
2.406B
2.408
2.409
2.411
2.412
2.413
2.414
2.415
2.501
2.502
2.503
2.504
2.505
2.506-01
2.506A
2.506B
2.507A
2.507B
2.509
2.510
2.512
2.513
2.514
2.515
2.518
2.519
2.601
2.602
2.605
2.606-01
2.606A
2.606B
2.607A
2.607B
2.610
2.611
2.615
2.619
2.620
2.701
2.702
2.703
2.704
2.705
2.706
2.707
2.708
2.709
2.710
2.711
2.712
2.713
2.714
2.716
2.717
2.718
2.719
2.720
3.201
3.202
3.301
3.302
3.303
3.304
3.305
3.307
3.309
3.310
3.311
3.401
3.402
3.406
3.407
3.408
3.410
3.411
3.412
3.413
3.501
3.502
3.503
3.504
3.505
3.506
3.507
3.508
3.509
3.601
3.602
3.607
3.701
3.702
5.101
5.101-01
5.101-06
5.101-07
5.101-08
5.101-09
5.101-15
5.101-16
5.103
5.106
5.108
5.109
5.110
5.201
5.201-04
5.201-05
5.301
5.302
5.303
5.401
